159.66
-724
-1344.81
-1049.53
0
0
-49
774.99
0
52.58
-34.45
-1154.07
-624.76
-1139.00
-2
-243.59
0
-811
7
340.31
-879.26
230.23
18637.40
-1057.15
1098.20
83.25
53
97
-346
-150.45
-1750.89
161
1498.16
1246
-944
1
627
2
-319.85
-1
-609.19
-710
-508
0
212
-12.89
-924.51
124
0
188.88
-644.70
896.42
197.40
600
0
-1289.79
307.17
-118
827.19
119
Runtime warning (func=(main), adr=86): non-zero scale in exponent
1825.25
-1
1199
-427.87
1559.53
155.50
0
261
8245.82
975.32
0
593.93
770.47
1249.19
477
-1055.20
0
897
1
491
572.29
0
Runtime error (func=(main), adr=33): Divide by zero
-537.97
581.14
-290.40
626.57
833.35
0
223.00
-1637.58
-196.65
-386.32
0
705
2749
-659.09
581
647
0
