318
26284 29588
31141 13813
16893 19379
3746 19746
33265 1179
22657 8716
16774 6025
36347 19804
39740 24790
33175 15802
38780 11288
28730 33002
32148 108
28815 24365
29387 26630
13666 16480
9353 21050
16987 27633
33092 37642
30266 27450
13367 39711
23477 24427
29803 26094
24808 36725
7045 5363
28832 14951
70 14025
36448 21600
23332 2103
23468 9678
28828 8178
10261 5959
31761 8821
2354 21527
17638 9319
20748 14476
449 26233
8387 25878
15580 6274
22406 23556
3389 14345
11703 12603
31342 8895
12622 29501
22353 19138
29107 30299
36416 17373
25598 5876
19780 8619
7451 16660
18970 33619
17728 11406
9746 18087
2049 19290
16793 39710
27629 6423
26649 24944
34286 17604
15270 14833
16688 17635
5613 36609
34001 26976
5076 39855
23504 9705
14150 35823
32371 36016
16069 18828
6639 32652
35512 2394
35036 26636
25477 3505
31021 31943
1955 28366
30274 36950
22145 31043
37198 21688
16208 36317
29785 31705
19630 19619
7850 8557
36317 20204
23072 18883
13852 36400
34500 32368
32195 16336
1753 1107
1434 15308
27824 4633
7683 27901
15708 23841
38544 37671
9410 24193
8283 3044
1273 12519
13381 20165
30536 3637
18517 2959
11770 31942
10939 35316
6555 36296
16444 14163
26458 14748
4046 8432
37915 5656
17787 36108
11315 27932
30357 31355
5288 20063
25241 25747
7045 22999
12295 23145
39499 18382
10413 33480
1415 39510
5198 23660
14127 8004
25465 11546
33461 28614
16727 32240
18003 39956
8499 3634
16399 27283
37057 25264
4552 17290
37618 20706
6961 27463
2160 36638
6548 3470
27786 25636
17137 27744
7399 18998
8674 30450
23467 28684
3136 22949
12279 231
15656 22719
12848 39705
5824 21056
22401 9836
29675 33655
32221 34504
23871 9079
16871 2771
26249 2731
7321 23936
16357 25931
26418 10233
11427 12164
8344 30047
27756 31980
25682 17733
35460 19980
38566 6562
16971 999
13683 7239
1096 2075
33406 16091
10601 9865
24430 20428
16202 21736
23519 18117
553 13031
1961 26220
12003 20175
26186 189
36534 653
34401 33967
32873 13110
6582 4229
26579 14876
621 32707
10868 24242
35051 1411
31119 36561
22313 30464
5590 18578
6304 32419
20495 31075
1961 36736
8788 3360
8205 1367
20639 9802
6318 12252
23848 7962
32838 37845
33046 27080
12311 33086
6939 39003
2359 23116
22458 19629
38422 22687
4908 10613
34325 31555
5848 14697
17845 7420
12899 9000
821 12410
4437 4780
26503 385
13585 34149
30923 32472
18165 10281
39431 2581
21797 19567
8557 19694
16862 14841
38970 37903
32850 12532
648 35492
22097 4699
5826 9562
18399 14218
6900 1477
34396 16464
1996 12075
30506 10253
36000 17344
39058 32978
18113 11584
24230 6228
20994 37520
37045 3588
15592 39881
35695 19999
5059 17639
2433 7523
27823 23430
10778 39864
4716 10003
36806 31205
2002 36259
33043 33666
14152 8755
14336 29501
18406 22914
5745 38015
18603 3847
23543 20654
27138 38480
22420 15115
36858 34591
5869 627
6147 30349
39476 16416
19325 30637
36194 28837
33594 32687
27694 14973
35390 12017
10333 26534
36510 26148
18787 25172
37669 27987
39739 27039
20441 24094
7840 6957
8634 23682
34356 29554
17007 29038
768 32055
9414 9589
28557 37156
33626 2669
37938 10514
32410 35720
25057 37603
28689 15951
16010 39651
12398 2240
21076 25375
32869 5460
2660 37711
18644 19560
16698 33678
16730 17297
33810 5853
7890 10553
36044 2254
4364 9126
2405 25036
16040 5103
30987 87
15789 39035
33772 21358
29537 8018
29836 18885
36741 27100
28836 26219
28588 16510
3626 12101
35263 1463
7119 30888
25040 5045
33523 16832
4271 6376
13227 14466
11492 20518
7042 2702
24504 22729
22514 10155
11864 35825
35854 29407
20006 15242
6595 25400
35331 1131
30572 28870
38525 1602
15819 4599
31860 27975
17949 3676
3473 39710
12272 36450
20107 30323
1293 15408
14924 14837
33416 14119
10045 31415
6686 8671